<!DOCTYPE html>
<html lang="en">
<head>
  
  <script async src="https://www.googletagmanager.com/gtag/js?id=UA-131792052-1"></script>
  <script>
    window.dataLayer = window.dataLayer || [];
    function gtag(){dataLayer.push(arguments);}
    gtag('js', new Date());
  
    gtag('config', 'UA-131792052-1');
  </script>
    <meta charset="utf-8" />
    <meta http-equiv="X-UA-Compatible" content="IE=edge">
    <title>The broken bridge between biologists and statisticians  | Drowning in a glass of water: variance-covariance and correlation matrices</title>
    <meta name="viewport" content="width=device-width, initial-scale=1">

    <link href="https://fonts.googleapis.com/css?family=Open+Sans" rel="stylesheet">
    <link rel="stylesheet" href="https://maxcdn.bootstrapcdn.com/font-awesome/4.7.0/css/font-awesome.min.css">
    <link rel="stylesheet" href="https://cdnjs.cloudflare.com/ajax/libs/bulma/0.7.1/css/bulma.min.css" />
    <link rel="stylesheet" href="/css/blog.css" />
    <script type="text/javascript"
      src="https://cdn.mathjax.org/mathjax/latest/MathJax.js?config=TeX-AMS-MML_HTMLorMML">
    </script>    
</head>
<body>

    
    <nav class="navbar is-fixed-top" role="navigation" aria-label="main navigation">
        <div class="navbar-brand">
            <a class="navbar-item" href="/">Home</a>
            <a class="navbar-item" href="/aboutThis">About this site</a>
            <a class="navbar-item" href="/Tutorials">Tutorials</a>
            <a class="navbar-item" href="/_statbook">Book</a>
            <a class="navbar-item" href="/Rpackages">R packages</a>
            <a class="navbar-item" href="/links">Links</a>
            <a class="navbar-item" href="/about">About me</a>
        </div>
    </nav>
    

    
    <section class="hero is-info is-medium">
        <div class="hero-body" style="background-image: url(/img/bg-blog.jpg);">
            <div class="container has-text-centered">
                <br>
                <h1 class="title is-size-1">
                    
                        Drowning in a glass of water: variance-covariance and correlation matrices
                    
                </h1>
                
            </div>
        </div>
    </section>



<div class="container">
    <div class="section">
    

<div class="columns">
    <div class="column is-9">
        <div class="tile is-child box">
          <p class="subtitle is-size-6 has-text-grey-light">
          Andrea Onofri &middot;&nbsp; Added on February 19, 2019 &middot;
          <i class="far fa-clock"></i>&nbsp;3 min read 
          </p><hr/>
            <div class="content">
                


<p>One of the easiest tasks in R is to get correlations between each pair of variables in a dataset. As an example, let’s take the first four columns in the ‘mtcars’ dataset, that is available within R. Getting the variances-covariances and the correlations is straightforward.</p>
<pre class="r"><code>data(mtcars)
matr &lt;- mtcars[,1:4]

#Covariances
cov(matr)</code></pre>
<pre><code>##              mpg        cyl       disp        hp
## mpg    36.324103  -9.172379  -633.0972 -320.7321
## cyl    -9.172379   3.189516   199.6603  101.9315
## disp -633.097208 199.660282 15360.7998 6721.1587
## hp   -320.732056 101.931452  6721.1587 4700.8669</code></pre>
<pre class="r"><code>#Correlations
cor(matr)</code></pre>
<pre><code>##             mpg        cyl       disp         hp
## mpg   1.0000000 -0.8521620 -0.8475514 -0.7761684
## cyl  -0.8521620  1.0000000  0.9020329  0.8324475
## disp -0.8475514  0.9020329  1.0000000  0.7909486
## hp   -0.7761684  0.8324475  0.7909486  1.0000000</code></pre>
<p>It’s really a piece of cake! Unfortunately, a few days ago I had a covariance matrix without the original dataset and I wanted the corresponding correlation matrix. Although this is an easy task as well, at first I was stuck, because I could not find an immediate solution… So I started wondering how I could make it.</p>
<p>Indeed, having the two variables X and Y, their covariance is:</p>
<p><span class="math display">\[cov(X, Y) = \sum\limits_{i=1}^{n} {(X_i - \hat{X})(Y_i - \hat{Y})}\]</span></p>
<p>where <span class="math inline">\(\hat{Y}\)</span> and <span class="math inline">\(\hat{X}\)</span> are the means for each variable. The correlation is:</p>
<p><span class="math display">\[cor(X, Y) = \frac{cov(X, Y)}{\sigma_x \sigma_y} \]</span></p>
<p>where <span class="math inline">\(\sigma_x\)</span> and <span class="math inline">\(\sigma_y\)</span> are the standard deviations for X and Y.</p>
<p>The opposite relationship is clear:</p>
<p><span class="math display">\[ cov(X, Y) = cor(X, Y) \sigma_x \sigma_y\]</span></p>
<p>Therefore, converting from covariance to correlation is pretty easy. For example, take the covariance between ‘cyl’ and ‘mpg’ above (-9.172379), the correlation is:</p>
<pre class="r"><code>-633.097208 / (sqrt(36.324103) * sqrt(15360.7998))</code></pre>
<pre><code>## [1] -0.8475514</code></pre>
<p>On the reverse, if we have the correlation (-0.8521620), the covariance is</p>
<pre class="r"><code>-0.8475514 * sqrt(36.324103) * sqrt(15360.7998)</code></pre>
<pre><code>## [1] -633.0972</code></pre>
<p>My covariance matrix was pretty large, so I started wondering how I could perform this task altogether. What I had to do was to take each element in the covariance matrix and divide it by the square root of the diagonal elements in the same column and in the same row (see below).</p>
<div class="figure">
<img src="https://lu4yxa.db.files.1drv.com/y4mZ-7ZQc0LCMyDG3kqC_0_bzMZYyEpb37ug_I616tXoPNL_DbILLSOa8HujEZCekvRNeeYsfwtrYP-0T_PfzlOUqUNliHdKU3sDLHwBnr5C4jF-U-u1QkOlWg3ZbQXKJw4TM2VrQIQqjh-Pb-5cOEY49q-3pfnt4ZYJUAYZIBhW4GgJ0svrEEAnKQZfNTs2LW5iZhGyYFYVKFT2Y1O7SjKjA?width=637&amp;height=156&amp;cropmode=none" style="width:95.0%" />

</div>
<p>This is easily done by matrix multiplication. I need a square matrix where the standard deviations for each variable are repeated along the rows:</p>
<pre class="r"><code>V &lt;- cov(matr)
SM1 &lt;- matrix(rep(sqrt(diag(V)), 4), 4, 4)
SM1</code></pre>
<pre><code>##            [,1]       [,2]       [,3]       [,4]
## [1,]   6.026948   6.026948   6.026948   6.026948
## [2,]   1.785922   1.785922   1.785922   1.785922
## [3,] 123.938694 123.938694 123.938694 123.938694
## [4,]  68.562868  68.562868  68.562868  68.562868</code></pre>
<p>and another one where they are repeated along the columns</p>
<pre class="r"><code>SM2 &lt;- matrix(rep(sqrt(diag(V)), each = 4), 4, 4)</code></pre>
<p>Now I can take my covariance matrix (V) and simply multiply these three matrices as follows:</p>
<pre class="r"><code>V * 1/SM1 * 1/SM2</code></pre>
<pre><code>##             mpg        cyl       disp         hp
## mpg   1.0000000 -0.8521620 -0.8475514 -0.7761684
## cyl  -0.8521620  1.0000000  0.9020329  0.8324475
## disp -0.8475514  0.9020329  1.0000000  0.7909486
## hp   -0.7761684  0.8324475  0.7909486  1.0000000</code></pre>
<p>Indeed, there is not even the need to use ‘rep’ when we create SM1, as R will recycle the elements as needed.</p>
<p>Going from correlation to covariance can be done similarly:</p>
<pre class="r"><code>R &lt;- cor(matr)
R / (1/SM1 * 1/SM2)</code></pre>
<pre><code>##              mpg        cyl       disp        hp
## mpg    36.324103  -9.172379  -633.0972 -320.7321
## cyl    -9.172379   3.189516   199.6603  101.9315
## disp -633.097208 199.660282 15360.7998 6721.1587
## hp   -320.732056 101.931452  6721.1587 4700.8669</code></pre>
<p>This is an easy task, but it got me stuck for a few minutes…</p>
<p>Lately, I finally discovered that there is (at least) one function in R taking care of the above task; it is the ‘cov2cor()’ function in the ‘nlme’ package.</p>
<pre class="r"><code>library(nlme)
cov2cor(V)</code></pre>
<pre><code>##             mpg        cyl       disp         hp
## mpg   1.0000000 -0.8521620 -0.8475514 -0.7761684
## cyl  -0.8521620  1.0000000  0.9020329  0.8324475
## disp -0.8475514  0.9020329  1.0000000  0.7909486
## hp   -0.7761684  0.8324475  0.7909486  1.0000000</code></pre>
<p>It is really easy to get drown in a glass of water!</p>

            </div>
        </div>
    </div>
    <div class="column is-3">
        <div class="card">
    <div class="card-content">
        <h1 class="title is-5">Tags</h1>
        <div class="tags">
        
            <span class="tag"><a href="/tags/agricensdata">agricensdata</a></span>
        
            <span class="tag"><a href="/tags/ammi_analysis">ammi_analysis</a></span>
        
            <span class="tag"><a href="/tags/aomisc">aomisc</a></span>
        
            <span class="tag"><a href="/tags/asreml">asreml</a></span>
        
            <span class="tag"><a href="/tags/blogdown">blogdown</a></span>
        
            <span class="tag"><a href="/tags/boxplot">boxplot</a></span>
        
            <span class="tag"><a href="/tags/correlation">correlation</a></span>
        
            <span class="tag"><a href="/tags/delta_method">delta_method</a></span>
        
            <span class="tag"><a href="/tags/descriptive_statistics">descriptive_statistics</a></span>
        
            <span class="tag"><a href="/tags/drcseedgerm">drcseedgerm</a></span>
        
            <span class="tag"><a href="/tags/drm">drm</a></span>
        
            <span class="tag"><a href="/tags/error_propagation">error_propagation</a></span>
        
            <span class="tag"><a href="/tags/linear_models">linear_models</a></span>
        
            <span class="tag"><a href="/tags/lme">lme</a></span>
        
            <span class="tag"><a href="/tags/long_term_experiments">long_term_experiments</a></span>
        
            <span class="tag"><a href="/tags/mixed_models">mixed_models</a></span>
        
            <span class="tag"><a href="/tags/multi_environment_studies">multi_environment_studies</a></span>
        
            <span class="tag"><a href="/tags/nlme">nlme</a></span>
        
            <span class="tag"><a href="/tags/nls">nls</a></span>
        
            <span class="tag"><a href="/tags/nonlinear_regression">nonlinear_regression</a></span>
        
            <span class="tag"><a href="/tags/percentiles">percentiles</a></span>
        
            <span class="tag"><a href="/tags/qq_plot">qq_plot</a></span>
        
            <span class="tag"><a href="/tags/r">r</a></span>
        
            <span class="tag"><a href="/tags/seed_germination">seed_germination</a></span>
        
            <span class="tag"><a href="/tags/split_plot">split_plot</a></span>
        
            <span class="tag"><a href="/tags/time_to_event_models">time_to_event_models</a></span>
        
            <span class="tag"><a href="/tags/variance">variance</a></span>
        
        </div>          
    </div>
</div><br>
        <div class="card">
    <div class="card-content">
        <h1 class="title is-5">Recent posts</h1>
        
            <h1><a href="/2020/stat_general_percentiles/">QQ-plots and Box-Whisker plots: where do they come from?</a></h1>
            <time class="has-text-grey-light is-size-7">15 October 2020</time>
        
            <h1><a href="/2020/stat_lte_modelbuilding/">Building ANOVA-models for long-term experiments in agriculture</a></h1>
            <time class="has-text-grey-light is-size-7">20 August 2020</time>
        
            <h1><a href="/2020/stat_met_jointreg/">Fitting complex mixed models with nlme. Example #5</a></h1>
            <time class="has-text-grey-light is-size-7">5 June 2020</time>
        
            <h1><a href="/2020/stat_met_ammi/">AMMI analyses for GE interactions</a></h1>
            <time class="has-text-grey-light is-size-7">12 May 2020</time>
        
            <h1><a href="/2020/stat_survival_ht1step/">Seed germination: fitting hydro-time models with R</a></h1>
            <time class="has-text-grey-light is-size-7">23 March 2020</time>
        
    </div>
</div>
    <br>
        <div class="card">
    <div class="card-content">
        <h1 class="title is-5">Archives</h1>
        
            <a href="/archives/2020">2020</a> (9)<br>
        
            <a href="/archives/2019">2019</a> (15)<br>
        
            <a href="/archives/2018">2018</a> (2)<br>
        
            <a href="/archives/2014">2014</a> (1)<br>
        
    </div>
</div>

    </div>
</div>


    </div>
</div>
<footer class="footer has-background-grey-darker has-text-white">
    <div class="content has-text-centered">
        <p>
             <span class="icon is-large"><a href="mailto:andrea.onofri@unipg.it" class="mysocial"><i class="far fa-envelope-open fa-3x"></i></a></span>&nbsp;&nbsp;
            <span class="icon is-large"><a href="https://github.com/OnofriAndreaPG/" class="mysocial"><i class="fab fa-github fa-3x"></i></a></span>&nbsp;&nbsp;
                       <span class="icon is-large"><a href="https://www.r.project.org/" class="mysocial"><i class="fab fa-r-project fa-3x"></i></a></span>&nbsp;&nbsp;

            <br><br>
            Copyright &copy; The broken bridge between biologists and statisticians, 2020 - Theme by <a href="https://jeffprod.com" class="mysocial">JeffProd.com</a>
            - <a class="mysocial" href="/aboutThis">About this site</a>
        </p>
    </div>
</footer>

<script defer src="https://use.fontawesome.com/releases/v5.1.0/js/all.js"></script>
</body>
</html>
